##FastQC	0.10.1
>>Basic Statistics	pass
#Measure	Value	
Filename	AGO02.1.fq	
File type	Conventional base calls	
Encoding	Sanger / Illumina 1.9	
Total Sequences	5003886	
Filtered Sequences	0	
Sequence length	71	
%GC	46	
>>END_MODULE
>>Per base sequence quality	pass
#Base	Mean	Median	Lower Quartile	Upper Quartile	10th Percentile	90th Percentile
1	35.72387680294875	35.0	35.0	37.0	35.0	37.0
2	36.26515452190557	37.0	35.0	37.0	35.0	37.0
3	36.47694771623494	37.0	37.0	37.0	35.0	37.0
4	38.385514977759286	39.0	39.0	39.0	37.0	39.0
5	37.9489514749137	39.0	38.0	39.0	35.0	39.0
6	37.874640429458225	39.0	38.0	39.0	35.0	39.0
7	37.899080234841485	39.0	38.0	39.0	35.0	39.0
8	37.89394702437266	39.0	38.0	39.0	35.0	39.0
9	39.30728138091076	41.0	39.0	41.0	36.0	41.0
10	39.29742564079198	41.0	39.0	41.0	36.0	41.0
11	39.28580087555952	41.0	39.0	41.0	36.0	41.0
12	39.26519249239491	41.0	39.0	41.0	36.0	41.0
13	39.23456089926909	40.0	39.0	41.0	36.0	41.0
14	39.24966316179066	40.0	39.0	41.0	36.0	41.0
15	39.236845523659014	40.0	39.0	41.0	36.0	41.0
16	39.20425545266219	40.0	39.0	41.0	36.0	41.0
17	39.1866437404849	40.0	39.0	41.0	36.0	41.0
18	39.137704176314166	40.0	39.0	41.0	36.0	41.0
19	39.11168280012774	40.0	39.0	41.0	36.0	41.0
20	39.06484520230877	40.0	39.0	41.0	36.0	41.0
21	39.00896043594918	40.0	38.0	41.0	35.0	41.0
22	38.957424689531294	40.0	38.0	41.0	35.0	41.0
23	38.90772431666109	40.0	38.0	41.0	35.0	41.0
24	38.88139418044296	40.0	38.0	41.0	35.0	41.0
25	38.83762759583252	40.0	38.0	41.0	35.0	41.0
26	38.790199656826715	40.0	38.0	41.0	35.0	41.0
27	38.74599081593785	40.0	38.0	41.0	35.0	41.0
28	38.71344391139207	40.0	38.0	41.0	35.0	41.0
29	38.633489851687266	40.0	38.0	41.0	34.0	41.0
30	38.586395053764214	40.0	38.0	41.0	34.0	41.0
31	38.74473579134297	40.0	38.0	41.0	35.0	41.0
32	38.74764592958353	40.0	38.0	41.0	35.0	41.0
33	38.753315123486026	40.0	38.0	41.0	35.0	41.0
34	38.76519309192895	40.0	38.0	41.0	35.0	41.0
35	38.722685928496375	40.0	38.0	41.0	35.0	41.0
36	38.68536413499428	40.0	38.0	41.0	35.0	41.0
37	38.65765666923667	40.0	38.0	41.0	35.0	41.0
38	38.67074050048303	40.0	38.0	41.0	35.0	41.0
39	38.69091282255431	40.0	38.0	41.0	35.0	41.0
40	38.677960089418505	40.0	38.0	41.0	35.0	41.0
41	38.67449218467407	40.0	38.0	41.0	35.0	41.0
42	38.61659458269033	40.0	38.0	41.0	34.0	41.0
43	38.577974198452964	40.0	38.0	41.0	34.0	41.0
44	38.53160163920601	40.0	38.0	41.0	34.0	41.0
45	38.4612027532202	40.0	38.0	41.0	34.0	41.0
46	38.383937004160366	40.0	38.0	41.0	34.0	41.0
47	38.34170142964888	40.0	38.0	41.0	34.0	41.0
48	38.27865502931122	40.0	37.0	41.0	34.0	41.0
49	38.20976656942224	40.0	37.0	41.0	34.0	41.0
50	38.139291742457765	40.0	37.0	41.0	33.0	41.0
51	38.046517846329834	40.0	37.0	41.0	33.0	41.0
52	37.94529351787791	40.0	37.0	41.0	33.0	41.0
53	37.83269602864654	40.0	36.0	41.0	33.0	41.0
54	37.73862394147269	39.0	36.0	41.0	33.0	41.0
55	37.63716519521028	39.0	36.0	41.0	33.0	41.0
56	37.53639251573677	39.0	36.0	41.0	33.0	41.0
57	37.40804706582045	39.0	35.0	41.0	32.0	41.0
58	37.280046547823034	39.0	35.0	41.0	32.0	41.0
59	37.15027920300343	39.0	35.0	40.0	32.0	41.0
60	37.01235499769579	38.0	35.0	40.0	32.0	41.0
61	36.87214496893015	38.0	35.0	40.0	32.0	41.0
62	36.69584798694455	38.0	35.0	40.0	31.0	41.0
63	36.54849291130933	37.0	35.0	40.0	31.0	41.0
64	36.364410380252465	37.0	35.0	40.0	31.0	41.0
65	36.091710122892486	37.0	35.0	39.0	31.0	41.0
66	35.86560145454953	37.0	35.0	39.0	31.0	41.0
67	35.612879270231176	36.0	34.0	39.0	31.0	41.0
68	35.342283577203794	36.0	34.0	39.0	31.0	40.0
69	35.04856085850077	36.0	34.0	39.0	31.0	40.0
70	34.72286199166008	36.0	34.0	38.0	30.0	40.0
71	30.644539663773315	32.0	29.0	34.0	25.0	36.0
>>END_MODULE
>>Per sequence quality scores	pass
#Quality	Count
19	3.0
20	24.0
21	121.0
22	420.0
23	1227.0
24	2814.0
25	5766.0
26	10626.0
27	17495.0
28	26567.0
29	38704.0
30	53947.0
31	72164.0
32	94788.0
33	125469.0
34	169262.0
35	237321.0
36	336045.0
37	540436.0
38	931879.0
39	1575746.0
40	763062.0
>>END_MODULE
>>Per base sequence content	fail
#Base	G	A	T	C
1	0.0	0.0	0.0	100.0
2	0.0	100.0	0.0	0.0
3	0.0	0.0	100.0	0.0
4	100.0	0.0	0.0	0.0
5	28.434200939030184	20.232095615287797	26.763159672302688	24.57054377337933
6	23.029761269541314	27.576307693660485	27.23015672219551	22.16377431460269
7	24.30363121781751	26.35333818556218	25.490828528067986	23.852202068552323
8	22.415518658898304	26.516291538216496	26.24600160755061	24.822188195334586
9	21.41191865681992	26.70914165510565	27.62257173724581	24.25636795082862
10	23.634428045150617	27.133636858162298	25.944438249244484	23.2874968474426
11	23.70245844929321	26.445686412520192	27.344188097011003	22.5076670411756
12	23.553833960246095	27.893081497060486	25.95980404029988	22.59328050239354
13	23.87464462619652	26.58212037604374	26.34218685237833	23.20104814538141
14	23.032299296986384	27.401543520375967	26.64950800238055	22.916649180257103
15	22.93973124087959	26.423343777216346	27.036926900413	23.599998081491066
16	23.0083778887049	26.015500752814912	25.71645317259426	25.259668185885932
17	22.30806448035035	26.12328310765184	26.99474667762882	24.573905734368985
18	23.381734267897645	27.442724361683823	26.582323256849904	22.593218113568632
19	24.191644696978177	26.212662854146316	26.22647218229752	23.36922026657799
20	23.74062878330961	27.380419937624477	26.248719495208324	22.630231783857585
21	22.974340035005213	26.64716958583292	27.325050871073454	23.05343950808841
22	23.521128759017778	26.376600337299134	26.57954338114902	23.522727522534073
23	22.16913203302894	26.22084896961422	26.811253885505053	24.798765111851782
24	22.590815024436843	26.5081844189767	27.444029086388817	23.456971470197644
25	23.181541850906957	26.36497023710791	26.696692687797196	23.75679522418794
26	22.732161656824978	26.856497872452678	27.45257483986439	22.95876563085795
27	23.061138311272657	27.8317439907783	26.273743962400157	22.833373735548882
28	23.75246808476622	27.096652997274116	26.499956034117524	22.65092288384214
29	22.870514907889504	27.164788071210292	26.60763451654104	23.357062504359163
30	23.186039809859775	27.06534481401055	26.42002635551649	23.32858902061318
31	23.530032458773043	25.729103340883462	26.663277300881756	24.07758689946174
32	22.64765824001586	26.527223042251563	26.690236348310094	24.134882369422485
33	22.9007815126084	26.64089469664177	26.58973445837895	23.86858933237088
34	23.36593999143865	26.73286321870642	26.06999839724566	23.831198392609267
35	23.207782911121477	27.35699814104478	26.538154546286624	22.89706440154712
36	23.321934192745395	27.85065447134487	26.579622317534813	22.24778901837492
37	23.543621897061602	26.61291644134179	26.009665288138056	23.833796373458547
38	22.51012513074838	27.376722811031268	26.658181261523545	23.45497079669681
39	23.16928550844487	26.475349259952203	26.81440710042995	23.540958131172975
40	23.41404260608655	26.400181778721578	26.475862959308028	23.709912655883848
41	22.697579441258252	27.96660435509522	26.198158790987648	23.137657412658882
42	23.590575049256906	26.45402046057579	27.70287459678685	22.25252989338046
43	24.36504348820097	26.228475229051977	26.1640053350536	23.242475947693453
44	23.88275265428868	27.19677898144301	27.05392991802566	21.866538446242647
45	23.287845619426033	26.74888615587782	26.749425741260414	23.21384248343573
46	22.732146386668926	26.528511761380113	26.778466444977695	23.96087540697327
47	22.294795881088454	27.568004329637635	26.724440468681678	23.41275932059224
48	23.084963380644243	26.42247500718477	27.12344498143151	23.369116630739473
49	23.30476571373978	26.26899852634815	26.682012792969	23.744222966943067
50	24.13849199251362	26.79127974890857	26.38658367565958	22.683644582918227
51	23.758471078922177	27.386061365484967	26.704557945077635	22.150909610515228
52	23.851756902968148	26.779095826383703	25.988966122566932	23.38018114808122
53	22.731017999014767	27.35438564235589	27.1818996639611	22.732696694668242
54	22.567989186000315	26.426771683756055	27.873907548616234	23.131331581627393
55	22.500032974372317	26.41147300318193	26.784922758032458	24.3035712644133
56	22.662511735953927	26.723281694469904	27.43051655783722	23.183690011738953
57	22.555838763559244	27.634876979053047	26.793313537640127	23.015970719747582
58	23.3072727479851	26.53211279805308	27.23214919187137	22.92846526209045
59	23.689482947894685	28.185442232367176	26.13599595338883	21.989078866349317
60	23.43417257675656	27.52466489950183	26.861778238931773	22.179384284809846
61	23.29165008776244	26.741294551454292	26.481194776261237	23.485860584522033
62	23.081599628433995	27.493166538994146	26.47559689484974	22.949636937722122
63	23.330799965386852	26.941438831754326	26.308010245651424	23.4197509572074
64	23.428851096927467	26.740657161254273	26.40471825297379	23.42577348884447
65	23.183899585062075	28.018672906158393	26.599037973985283	22.198389534794245
66	23.683600472913398	26.92826520881013	26.51182803091044	22.876306287366035
67	23.656196984857942	27.0273829672472	27.443680170395872	21.872739877498987
68	23.0778961858496	27.78866730564924	26.700311843747176	22.433124664753983
69	22.8933003612039	27.761279278119805	26.849376336728202	22.496044023948095
70	22.699616876767255	26.574435442306388	27.163459184515677	23.56248849641068
71	22.379647841809003	27.479578414212952	27.10016479561227	23.040608948365772
>>END_MODULE
>>Per base GC content	fail
#Base	%GC
1	100.0
2	0.0
3	0.0
4	100.0
5	53.00474471240951
6	45.193535584144
7	48.155833286369834
8	47.23770685423289
9	45.66828660764853
10	46.92192489259322
11	46.210125490468805
12	46.147114462639635
13	47.075692771577934
14	45.94894847724348
15	46.539729322370654
16	48.26804607459083
17	46.88197021471934
18	45.974952381466274
19	47.56086496355616
20	46.3708605671672
21	46.02777954309362
22	47.04385628155185
23	46.96789714488073
24	46.04778649463449
25	46.93833707509489
26	45.690927287682925
27	45.89451204682154
28	46.40339096860836
29	46.227577412248664
30	46.51462883047295
31	47.60761935823478
32	46.78254060943834
33	46.76937084497928
34	47.19713838404792
35	46.104847312668596
36	45.56972321112032
37	47.37741827052015
38	45.96509592744519
39	46.71024363961785
40	47.123955261970394
41	45.83523685391713
42	45.84310494263736
43	47.607519435894424
44	45.74929110053132
45	46.50168810286176
46	46.693021793642195
47	45.70755520168069
48	46.45408001138372
49	47.04898868068285
50	46.82213657543185
51	45.909380689437405
52	47.23193805104937
53	45.46371469368301
54	45.699320767627704
55	46.80360423878562
56	45.84620174769288
57	45.57180948330682
58	46.23573801007555
59	45.678561814244
60	45.6135568615664
61	46.77751067228448
62	46.03123656615612
63	46.75055092259425
64	46.85462458577194
65	45.382289119856324
66	46.55990676027943
67	45.52893686235693
68	45.511020850603586
69	45.38934438515199
70	46.26210537317794
71	45.420256790174776
>>END_MODULE
>>Per sequence GC content	pass
#GC Content	Count
0	0.0
1	0.0
2	0.0
3	0.0
4	0.0
5	0.0
6	0.0
7	0.0
8	0.5
9	0.5
10	0.0
11	1.0
12	3.0
13	18.5
14	33.0
15	48.0
16	125.0
17	187.0
18	318.0
19	716.5
20	1518.5
21	2053.0
22	3086.0
23	5811.0
24	7503.0
25	10237.5
26	17234.5
27	27356.5
28	33216.0
29	40978.0
30	58127.5
31	67515.0
32	79451.5
33	105526.5
34	119665.0
35	135927.5
36	167639.5
37	199508.0
38	215927.0
39	230485.0
40	258192.0
41	271341.0
42	279844.0
43	296217.0
44	306498.0
45	308909.0
46	307403.0
47	302902.0
48	299907.0
49	293269.5
50	278074.0
51	256489.5
52	243463.0
53	226926.0
54	196309.5
55	182230.0
56	170522.0
57	148571.0
58	130418.5
59	122509.0
60	111614.5
61	92061.5
62	83403.0
63	75047.0
64	58695.5
65	44017.5
66	37335.0
67	31907.5
68	21920.5
69	17361.0
70	14280.5
71	8964.5
72	6729.0
73	5097.5
74	2637.5
75	1205.0
76	601.0
77	406.0
78	161.0
79	111.0
80	74.0
81	23.5
82	7.0
83	4.0
84	2.0
85	0.5
86	1.0
87	1.5
88	1.0
89	1.0
90	2.0
91	1.5
92	1.5
93	2.0
94	1.0
95	0.5
96	0.5
97	0.0
98	0.0
99	0.0
100	0.0
>>END_MODULE
>>Per base N content	pass
#Base	N-Count
1	0.0
2	0.0
3	0.0
4	0.0
5	0.0
6	0.0
7	0.0
8	0.0
9	0.0
10	2.3981361685697876E-4
11	0.0
12	0.0
13	0.0
14	0.0
15	0.0
16	0.0
17	9.992234035707447E-5
18	0.001139114680070649
19	4.3965829757112773E-4
20	0.0
21	0.0011990680842848937
22	3.79704893356883E-4
23	6.395029782852767E-4
24	0.0034173440402119476
25	7.993787228565959E-5
26	3.9968936142829794E-5
27	6.994563824995214E-4
28	1.1990680842848938E-4
29	0.001179083616213479
30	0.0
31	0.0
32	0.0
33	0.0
34	0.0
35	0.0
36	0.0
37	0.0
38	0.0
39	3.996893614282979E-4
40	0.0
41	0.0
42	3.79704893356883E-4
43	0.0
44	5.995340421424469E-5
45	8.793165951422555E-4
46	0.003577219784783266
47	0.004676365528711085
48	0.004956148081710894
49	0.013369609139776565
50	0.0026179653173553515
51	0.00191850893485583
52	4.796272337139575E-4
53	1.9984468071414897E-5
54	3.9968936142829794E-5
55	0.0
56	6.395029782852767E-4
57	0.0020783846794271495
58	0.005775511272638905
59	0.003857002337783075
60	2.7978255299980856E-4
61	7.394253186423512E-4
62	0.003976909146211564
63	1.3989127649990428E-4
64	0.0
65	0.009732435950779054
66	1.9984468071414894E-4
67	1.7986021264273407E-4
68	0.00195847787099866
69	0.0012790059565705534
70	2.597980849283937E-4
71	0.0022382604239984684
>>END_MODULE
>>Sequence Length Distribution	pass
#Length	Count
71	5003886.0
>>END_MODULE
>>Sequence Duplication Levels	warn
#Total Duplicate Percentage	49.82623270612968
#Duplication Level	Relative count
1	100.0
2	34.17069303940812
3	15.451834516080327
4	10.67680809300921
5	8.186433640344255
6	6.052770647742714
7	4.11633700739846
8	2.6809980371432887
9	1.5853842669485128
10++	5.814963007700438
>>END_MODULE
>>Overrepresented sequences	pass
>>END_MODULE
>>Kmer Content	fail
#Sequence	Count	Obs/Exp Overall	Obs/Exp Max	Max Obs/Exp Position
CATGG	1499930	4.9479423	314.70346	1
CATGC	1292985	4.2673807	271.5714	1
CATGT	1409465	4.0830812	259.60678	1
CATGA	1082705	3.1220722	195.93304	1
TGGGG	817285	3.0827181	31.827236	3
TGCTG	868530	2.8783224	34.8521	3
CAGGG	751555	2.8231528	7.6130605	40
TGCAG	835015	2.7545328	33.165825	3
ATGGG	818310	2.698095	92.59163	2
CCCTG	702810	2.6548557	5.117342	39
CCAGG	698500	2.6251507	7.9391146	39
CCCCA	693365	2.6084244	6.5127816	31
AGGGG	657100	2.4671233	6.6069427	41
CCTGG	651775	2.4608576	6.727017	49
GCCCC	566075	2.43619	8.159834	4
GGGGC	559245	2.4032369	9.705343	4
CCCCT	627900	2.3730545	6.141537	7
CACAG	715645	2.351065	7.979827	35
CTGCA	704720	2.325865	7.0925126	16
ATGCT	802200	2.3238943	87.65449	2
GGGGG	533195	2.2901623	8.975389	4
GCTGC	603705	2.2793632	11.474123	4
GCAGG	595905	2.2384667	9.831486	4
ATGCA	772245	2.226834	81.18435	2
GGGAG	590200	2.2159429	9.79142	4
GCAGC	589290	2.2147102	10.917792	4
CAGGA	665615	2.185626	9.256257	37
GCTGG	572545	2.1606486	10.551948	4
TGGAG	655265	2.1605108	28.00027	3
TCCAG	651415	2.1499367	6.17371	29
GGCAG	570185	2.141852	8.9972	4
GGGCC	497695	2.139794	11.840255	4
ATGGA	741910	2.1383057	76.73205	2
ATGTG	738155	2.1373076	75.115456	2
GGCCC	492850	2.120009	8.109699	4
GGAGG	563540	2.1158464	9.483276	4
TGGGA	628545	2.0724106	25.521765	3
GGGGA	549815	2.0643148	8.070847	4
CCTCC	537110	2.0299273	6.1200147	9
TCCTG	609655	2.0214036	5.8119516	48
GGCTG	534080	2.0154908	8.919916	4
CTCCT	603065	2.00054	5.959632	7
TGTGG	589740	1.953444	22.14104	3
GCCAG	508380	1.9106288	7.805617	4
GGAAG	581000	1.9068418	6.463528	4
TGGTG	574180	1.9019033	21.820364	3
TGGCT	573080	1.8991963	22.530527	3
TGCCT	572730	1.898973	20.280262	3
TGTGT	652065	1.8967553	17.897251	3
TGTTT	742150	1.8957984	21.778755	3
TGCCA	571460	1.8860525	21.386608	3
ATGGC	567085	1.8706897	70.5043	2
CCAGA	562055	1.846485	6.199195	10
CTCCA	558400	1.8438585	5.865869	10
GAGGG	490490	1.8415755	5.136565	4
TGGAA	633320	1.8253317	22.17916	3
GCAGA	555365	1.8236071	7.634885	4
GGAAA	634770	1.8211012	9.78828	4
TGCTT	625300	1.8197975	20.817148	3
CAGAA	632035	1.8141493	5.5595245	11
TGCTC	546700	1.8126665	23.894476	3
ATGTT	711365	1.8088063	63.688416	2
CCACA	546925	1.7976661	8.009072	34
TGCCC	473585	1.7889614	20.665386	3
GTGGG	473330	1.7853539	6.354328	4
TGGCA	535200	1.7655084	21.01029	3
TGGCC	464705	1.7545514	26.37581	3
TGAGG	532065	1.7543011	15.706041	3
GGGGT	463700	1.7490305	7.318407	4
ATGCC	528210	1.7433095	64.165344	2
GCTGT	524830	1.739295	8.298383	4
ACAGG	529490	1.7386434	7.5370026	36
GGGAA	528360	1.7340772	5.3091307	4
GGAGA	528035	1.7330106	6.717496	4
CACAC	523705	1.7213452	6.1913238	19
GCCTG	453755	1.7132084	7.651945	4
TTTCC	588130	1.712467	5.0291014	36
TGTGC	516495	1.7116727	20.72098	3
ACACA	595035	1.7087898	5.762611	20
CTTCC	514350	1.7062467	5.023104	43
ATGAG	587710	1.693876	54.42834	2
TGTCT	578915	1.6848043	20.509079	3
GGTGG	444605	1.6770061	7.0416923	4
TGCAC	508015	1.6766579	21.16549	3
GGAGC	445165	1.6722246	8.746787	4
GCTCC	440980	1.6657964	10.582611	4
CACCA	504670	1.6587797	5.8953595	43
TTCCT	567455	1.6522673	5.3289285	44
TCCTC	496305	1.6463864	5.3306646	8
ATGGT	568095	1.6449035	55.94546	2
TGAAA	649740	1.6369573	16.589014	3
GCACA	497785	1.6353427	7.718989	4
TGGGC	432930	1.6337748	23.859764	3
TTCCA	562650	1.6307459	5.533257	28
GCTCT	488855	1.6208727	7.6882615	4
GTGTG	486125	1.6102315	6.2803593	4
GAAAA	639605	1.6040158	5.1278934	4
GGGCT	423990	1.6000373	6.2361035	4
TGTGA	551675	1.59736	19.842169	3
ACCAG	482480	1.5850623	5.6911674	44
GGGCA	421470	1.5832163	6.170946	4
ATGAA	628240	1.5827899	47.68075	2
GCTGA	478535	1.5785829	7.182816	4
GTGCT	467920	1.5506943	7.3869486	4
GGGTG	409645	1.5451404	6.5741835	4
TGAAG	534625	1.5408765	16.042526	3
TGGGT	464310	1.537972	18.487114	3
GTCTG	464030	1.5378028	6.8962617	4
GTTTT	601230	1.5358229	7.534554	4
GCAGT	465015	1.5339833	7.2789555	4
GCCCT	405650	1.5323377	6.273895	4
ATGTC	528900	1.532171	57.15795	2
ACTGC	463760	1.5305982	5.9349346	15
GAAGG	462825	1.5189914	5.2222757	4
TGCAA	525440	1.515151	18.004585	3
GAGCT	455450	1.5024303	5.3395944	4
CACCT	451030	1.4893185	5.040803	17
GGCCA	395320	1.485719	7.884932	4
GAAAG	512955	1.4716243	5.399171	4
GACAG	441985	1.4513104	5.3777485	4
GCCAC	385275	1.4486816	5.67572	4
AACTG	502290	1.4483961	5.454875	14
TGAGA	501720	1.446039	14.633882	3
ATGTA	569570	1.4416031	47.82378	2
GCTTT	491285	1.4297765	6.4470477	4
GCACT	431380	1.4237309	7.2847576	4
GCCCA	377605	1.4198413	5.9528303	4
TGTCC	423830	1.4052725	21.306547	3
GTGCA	421450	1.3902719	6.2357893	4
TGTTG	476690	1.3866168	15.946454	3
GCCTC	365700	1.3814272	5.920846	5
TGTCA	474270	1.3739135	15.649054	3
TGATG	471945	1.366504	14.049656	3
GGGTT	412265	1.365579	5.1163845	4
GGGAC	363285	1.3646493	7.774083	4
GTGCC	359575	1.35762	7.0448484	4
GTCCC	358340	1.3536248	7.1736007	4
GTGGC	358310	1.3521767	6.1779523	4
ATGAT	533445	1.3501695	42.203293	2
GTGGA	407470	1.343492	6.270267	4
GCAAA	467875	1.3429558	6.82585	4
TGAGC	406480	1.3408891	15.79446	3
TGGAT	460165	1.3323953	16.27568	3
TGACA	461840	1.331755	14.273069	3
GGCCT	352625	1.3313795	10.199221	4
CTCAC	401310	1.3251412	5.623691	41
TGTTC	451390	1.3136709	16.54024	3
GTTTG	446765	1.2995697	5.687715	4
GACTG	393425	1.2978234	5.3075485	4
GGTGC	340390	1.2845509	5.365097	4
GTGAG	388430	1.2807142	5.768822	4
TCTCA	441235	1.2788451	5.2302837	40
TGCAT	440100	1.2749264	15.768415	3
TGACT	439075	1.271957	13.036673	3
TGGTT	434285	1.2632673	13.266788	3
GATTT	496510	1.262489	5.5144215	4
GTCAG	380020	1.2536033	5.5340834	4
GGCTC	328465	1.2401603	5.406953	4
GGACA	375910	1.2343452	5.245752	4
GCACC	325180	1.2227169	5.592587	4
GGAGT	370340	1.2210685	5.246392	4
GCTCA	369650	1.2199967	6.0155363	4
GGTGT	367615	1.2176812	5.714461	4
GCATT	419500	1.2152503	5.258726	4
GCAAG	369595	1.2136092	5.3315496	4
ACACC	369005	1.2128679	5.003283	16
TGCTA	417125	1.2083701	15.590828	3
GCTTC	361975	1.2001828	6.298776	4
GTTCT	411225	1.1967795	6.4538717	4
ATGAC	411865	1.1876477	38.823013	2
GGTGA	359350	1.1848329	5.188958	4
TCACC	358725	1.1845238	5.381604	42
GCTTG	355400	1.1778013	5.6051555	4
TGAGT	405950	1.1754173	12.322184	3
TGTAA	463095	1.1721109	14.519675	3
TGGAC	354905	1.1707544	15.881759	3
GGACC	310380	1.1664915	5.5999002	4
TGATT	454680	1.1561267	11.650641	3
TGTAT	452275	1.1500115	12.186411	3
TGTTA	449930	1.1440487	13.619104	3
AGAAC	396795	1.1389327	5.3316436	12
GTCTC	343110	1.1376331	5.621283	39
TGTAG	392505	1.1364876	12.9187	3
AGGAC	343675	1.1284977	5.0169888	38
GGCTT	340040	1.126898	5.0123343	4
GCCAA	342105	1.1238967	5.349588	4
GTCCT	335890	1.1136942	6.059976	4
GTGAA	383460	1.1051943	5.165354	4
GGCAA	334070	1.0969586	5.1027565	4
GAACT	379010	1.0929077	5.1717763	13
TGGTC	327265	1.0845615	13.830268	3
GGTCC	285010	1.0760906	5.353832	4
GTCCA	321175	1.0600092	8.159283	4
GGATT	362620	1.0499564	5.593674	4
TGACC	316840	1.045702	10.786174	3
GTTTC	351720	1.0236034	5.402924	4
TGAAC	352700	1.0170405	9.9552145	3
GGTCT	306270	1.0149837	5.4264536	38
GTTCC	304190	1.008588	5.19363	4
GTGAC	304880	1.0057328	5.8247113	4
TGGTA	332190	0.9618472	11.582115	3
GTCTT	330355	0.96142524	5.3395553	4
TGATC	331675	0.9608298	10.790142	3
GTAAA	370000	0.93217933	5.704373	4
TGTAC	317500	0.91976625	11.309319	3
TGAAT	361560	0.91512215	8.409119	3
TGATA	343315	0.8689433	8.897488	3
TGCCG	112240	0.4237761	5.18941	3
ATGCG	114995	0.37934345	14.615371	2
>>END_MODULE
